 count 
-------
     1
     2
     2
   186
    83
    19
    12
   106
   375
     1
     7
     4
    22
    24
     5
   140
   269
     2
    37
     4
     9
    13
    89
   360
    19
   438
    14
     2
     4
    81
   134
    66
     1
     1
    61
  1810
     3
    71
   325
    16
    43
    41
   180
     6
    17
     3
    65
   730
   250
    13
  9371
     6
    46
   404
   158
     2
     3
     2
   502
     3
    29
     1
    44
  1145
     1
     5
    19
     6
  1591
    12
    60
     5
    14
    16
   951
   599
    21
     3
   272
     1
     2
   104
    82
     3
     8
     1
    16
   871
    35
    11
    16
     1
     1
  2718
  1534
  1414
    52
     1
     3
   156
     2
     6
    58
    96
   401
     2
     2
     3
  4672
     3
   388
    74
   316
   443
   134
     5
     4
     1
    11
     7
     1
     6
   494
     1
   237
    16
     6
     7
    15
     7
   308
   261
    35
    98
     1
    31
     1
     9
   146
     1
  1958
   284
   701
   153
    12
     4
     4
    37
     2
   148
     9
   158
    25
     4
    29
     2
     2
     8
   189
     2
     1
   449
     1
     1
     9
   341
     1
     1
   102
    33
     1
     1
(172 rows)

